cardboard 695.3739639945653 834.437187952711 1222.9564707880436 1288.37091185715
cardboard 1336.4870074728262 66.7549796199167 1867.408746603261 527.3642893405939
cardboard 1987.617442255435 343.7881049351976 2331.547978940217 774.3576413590387
cardboard 1570.2262398097828 1104.7948038467507 2101.1479789402174 1391.8410596026488
cardboard 2374.956470788044 487.3113092081436 2745.599949048913 827.7616403339714
cardboard 2865.808644701088 203.60267447162147 3329.947877038044 744.317906259701
cardboard 3006.0521229619567 737.6424350359582 3543.6523267663047 1271.682119205298
cardboard 2468.4522248641306 1141.5099337748345 2992.695805027174 1615.4703005354922
cardboard 2081.113196331522 1558.72852775119 2632.0697180706525 2182.887417218543
cardboard 832.2782099184783 1758.9934284134415 1803.9651664402177 2626.8080488798632
cardboard 131.06081861413043 1675.549770734168 615.2348335597827 2179.549872594164
