cardboard 1319.791304347826 103.47022414049565 1663.721688179348 377.1656138439052 
cardboard 474.9913552989131 230.3046357615894 1076.0348335597828 610.8079470198675 
cardboard 1897.4609205163044 370.4900662251656 2264.7651664402174 771.0198675496688 
cardboard 2498.504398777174 243.6556546040718 3313.2523267663046 814.4106214914889 
cardboard 2922.5740658967397 1138.1722363604615 3269.8435292119566 1525.3510952374793 
cardboard 3583.721891983696 1528.6887926518525 4032.000000000001 2036.026591926221 
cardboard 2071.0958050271743 1128.158991327349 2508.5217900815223 1391.841059602649 
cardboard 1516.800050951087 1381.8278145695365 2314.852122961957 1985.960366760658 
cardboard 621.912992527174 1218.2781966253622 1126.1217900815218 1722.2781456953642 
cardboard 952.4869055706522 1668.8742231154283 1316.4522248641306 2132.82119205298 
